00000000000000000000000000000000000000000000000000000000100101010100000000000000000000000000000000000000010000011001
00000000000000000000000000000000000000000000000001000000000000000000000000000000000000000000000011111100001000000100
10000000100000001000000000000000000000000000000000000000000000001010000000000000001000000000000000000000000000000010
00010000000000000000000000000000000000000000000000011000000000000000000000000000000000000000100000000010100000000000
00000000000000000000000000000110001010000000000000000000000000000000000000000001110100100000000000000000000000000000
00000000000000000000000000000000000000010000100000000000000000000000000000111110000000000011000000000000000000000000
00000000000000000000000000000001110100100000000000000000000000000000000000000000000011011000000000000000000000000000
00000011000100010000000000000000000000000001010000000000000000000000000000000000000000000000010000000001000000000000
00000000000000000111110000000000000000000000000000000000000000000000011100000000000000000000000000000000000000000000
00000000000001000000000000000000000000000000000000000000000000000000000000000000000000000000000000000000000000000000
00000000000000000000000000000000000000000000000110100110011010100000000000000000000000000000000000000000000000000000
00000100000000000000000000000000000000000000000000000000000000000000000000000000000000000000000000000000000000000000
00000000000000100000000001111000000001001110000000000000000000000000000000000000000000000000000000000000000000000000
01000000010000000000000000000000000000000000000000000000000000000000000000000000000000000000000000000000000000000000
00100000001010000000000000000000000000000000001000000000000000000000000000000000000000000000001000000000000000000000
00000000000000000000000000000000000000000000000000000001000000000000000000000000000000000100000100000000000111100000
00001000000000000000000000000000000000000000000000000000000000000000000000000000000000000000000000000000000000000000
00000000000000000000001110000000000000000000000000000000000000000001100011000000000000000000000000000000000000000000
